11.5 -1.57804 1.21728 
16.5 -1.28408 1.10054 
21.5 -1.11315 1.01887 
26.5 -1.007 0.970721 
31.5 -0.943554 0.913529 
36.5 -0.843877 0.877159 
41.5 -0.764626 0.83087 
46.5 -0.715358 0.800318 
51.5 -0.679066 0.798068 
56.5 -0.701592 0.75052 
61.5 -0.739975 0.757702 
66.5 -0.690433 0.73109 
71.5 -0.668409 0.737364 
76.5 -0.670999 0.758548 
81.5 -0.667762 0.750295 
86.5 -0.675472 0.752865 
91.5 -0.67227 0.783952 
96.5 -0.701315 0.826552 
101.5 -0.773517 0.855794 
106.5 -0.852893 0.912185 
111.5 -0.887306 0.93973 
116.5 -0.975901 0.998131 
121.5 -1.10048 1.1039 
126.5 -1.25129 1.28732 
131.5 -1.23279 1.30025 
136.5 -1.09528 1.18024 
