11.5 -1.33381 0.868781 
16.5 -1.06301 0.829233 
21.5 -0.855482 0.760574 
26.5 -0.73006 0.715245 
31.5 -0.637664 0.666124 
36.5 -0.564352 0.631505 
41.5 -0.510167 0.623003 
46.5 -0.484926 0.611759 
51.5 -0.480174 0.613642 
56.5 -0.565943 0.663711 
61.5 -0.562466 0.660179 
66.5 -0.567953 0.674295 
71.5 -0.586866 0.701651 
76.5 -0.613695 0.730349 
81.5 -0.622964 0.719224 
86.5 -0.674732 0.75403 
91.5 -0.660869 0.768245 
96.5 -0.662981 0.808498 
101.5 -0.735034 0.837835 
106.5 -0.803255 0.910831 
111.5 -0.881821 0.978238 
116.5 -0.986147 1.00053 
121.5 -1.22352 1.19428 
126.5 -1.3682 1.35523 
131.5 -1.32483 1.42979 
