11.5 -1.3679 0.937535 
16.5 -1.0279 0.817036 
21.5 -0.80531 0.726893 
26.5 -0.686669 0.699356 
31.5 -0.603326 0.660164 
36.5 -0.555457 0.634248 
41.5 -0.504226 0.62622 
46.5 -0.488613 0.613872 
51.5 -0.503163 0.622226 
56.5 -0.575827 0.67473 
61.5 -0.559301 0.669164 
66.5 -0.555823 0.674056 
71.5 -0.565676 0.691903 
76.5 -0.600155 0.728009 
81.5 -0.61576 0.727061 
86.5 -0.635454 0.734772 
91.5 -0.634096 0.769111 
96.5 -0.674104 0.81077 
101.5 -0.766831 0.838785 
106.5 -0.848566 0.927525 
111.5 -0.883889 0.946531 
116.5 -1.02921 1.03905 
121.5 -1.17018 1.1474 
126.5 -1.30865 1.32507 
131.5 -1.18122 1.35788 
136.5 -1.17187 1.61892 
