62.2935
-92.5133
87.036
-38.4696
6.3177
0
0
0
0
78.5134
-58.5975
3.30928
77.4749
-64.3984
14.486
0
0
0
-140.845
1381.3
-4499.99
7557.27
-7140.27
3828.75
-1086.21
126.468
0
497.951
-1846.42
2759.58
-1634.71
345.006
0
0
0
0
9.40986
180.752
-646.771
1055.14
-909.094
424.435
-99.8368
9.02086
0
288.485
-1016.03
1463.72
-859.231
185.976
0
0
0
0
61.1474
-88.768
82.6446
-36.278
5.9231
0
0
0
0
78.5134
-58.5975
3.30928
77.4749
-64.3984
14.486
0
0
0
21.3087
138.975
-672.71
1324.2
-1326.12
714.866
-197.531
21.9144
0
375.091
-1411.5
2082.58
-1192.17
239.685
0
0
0
0
-121.816
1182.59
-3800.98
6319.82
-5937.33
3179.37
-903.954
105.764
0
-4781.96
43165.9
-159567
318502
-376469
271207
-116893
27698.9
-2775.61
61.1474
-88.768
82.6446
-36.278
5.9231
0
0
0
0
73.762
-34.6321
-41.8796
117.543
-81.2043
17.1718
0
0
0
157.046
-765.472
1735.21
-2053.86
1371.34
-515.214
101.081
-8.07402
0
-608.74
4827.18
-13239.6
17742.4
-12420
4369.11
-607.877
0
0
-274.278
2380.63
-7560.19
12582.3
-11924.5
6464.66
-1863.44
221.134
0
-1240.72
8096.04
-19407
23942.9
-16052.3
5559.32
-776.123
0
0
61.1474
-88.768
82.6446
-36.278
5.9231
0
0
0
0
78.5134
-58.5975
3.30928
77.4749
-64.3984
14.486
0
0
0
-71.2528
879.668
-3027.37
5226.61
-4999.19
2689.35
-761.206
88.1242
0
-1269.89
9486.25
-26103.8
35581.2
-25373
9062.87
-1277.6
0
0
-186.64
1811.85
-6032.01
10283.3
-9808.11
5285.35
-1501.87
174.799
0
-530.826
4643.56
-13864.2
20580.2
-15898
6106.69
-916.365
0
0
61.6665
-90.4268
84.5606
-37.224
6.09207
0
0
0
0
78.5134
-58.5975
3.30928
77.4749
-64.3984
14.486
0
0
0
-1.5391
216.936
-701.057
1167.26
-1111.92
615.364
-183.854
22.8595
0
-19.7415
454.317
-1250.51
1512.52
-762.408
137.695
0
0
0
-55.9612
657.449
-2049.73
3295.3
-2995.85
1553.68
-427.764
48.4324
0
-522.682
3356.77
-7535.5
8756.49
-5518.61
1795.6
-235.144
0
0
61.1474
-88.768
82.6446
-36.278
5.9231
0
0
0
0
73.762
-34.6321
-41.8796
117.543
-81.2043
17.1718
0
0
0
-82.0368
883.261
-2828.84
4621.53
-4223.56
2185.52
-598.218
67.2908
0
608.323
-2743.56
4942.01
-4045.58
1558.07
-226.24
0
0
0
4.07203
138.882
-321.983
282.702
-12.9566
-129.159
74.5884
-12.9994
0
-866.737
5984.13
-15129.6
19134.6
-12757.7
4276.79
-566.056
0
0
74.4893
-158.72
251.241
-200
52.2984
25.4188
-18.8692
3.27217
90.8413
-226.8
358.487
-259.26
30.9359
68.7248
-38.976
6.47933
117.102
-429.455
1208.29
-1922.72
1791.4
-965.135
277.459
-32.8536
55.0676
91.0959
-444.252
791.284
-717.492
350.325
-87.3235
8.68087
77.794
-192.492
361.852
-394.127
246.499
-84.6133
13.9182
-0.713846
41.2902
110.603
-586.69
1130.7
-1137.27
633.345
-185.038
22.1482
-12998.3
57694
-109085
114102
-71303.6
26616.9
-5494.45
483.756
17842.9
-74659.9
133869
-133170
79380
-28352.3
5617.88
-476.314
65.5364
-99.8689
88.5645
24.8299
-121.327
102.818
-37.8275
5.28492
66.4049
-76.4096
-20.8674
230.072
-318.905
206.721
-66.3286
8.48753
100.262
-358.882
957.267
-1495.42
1396.73
-765.881
226.791
-27.9341
50.4447
48.3032
-315.976
580.141
-525.583
252.075
-59.9294
5.34805
78.5845
-155.728
320.528
-420.296
341.899
-164.626
42.5274
-4.50224
95.943
-221.787
391.495
-350.033
131.391
13.2965
-24.046
4.92253
