-2.550493918887335        0.389508196279333        -0.001333283523319        0.000001947815908        -0.000000001316913        0.000000000000338        
  739.665966640729152        -7.564586257707806        0.029070457076481        -0.000049407992830        0.000000038875378        -0.000000000011556        
  -38.943294334931004        0.604798911243653        -0.002123924852338        0.000003596540690        -0.000000002945430        0.000000000000935        
  1674.135084781084061        -15.638896622395071        0.056064673823181        -0.000094802481347        0.000000077287133        -0.000000000024356        
  36.467163175325709        -0.149673554778768        0.000640450951938        -0.000001217358940        0.000000001070681        -0.000000000000351        
 99.490760702509277        -0.454366869265921        0.001261304562511        -0.000001848741434        0.000000001351091        -0.000000000000387        
  532.589474908597253        -1.974841260959739        0.007824354020230        -0.000016500091869        0.000000015314082        -0.000000000004989        
  290.208151444308214        -1.855305261275745        0.005273424450297        -0.000007396122888        0.000000005060998        -0.000000000001343        
  818.131759192972595        -6.630367625399796        0.020821102579573        -0.000027931394648        0.000000016344909        -0.000000000003256        
  312.687789127750818        -2.178522834336562        0.006427983040174        -0.000009171395143        0.000000006328733        -0.000000000001690        
 170.498641405867033        -0.966479071879565        0.002760453538862        -0.000003980182820        0.000000002815775        -0.000000000000777        
  466.650046236903790        -3.304087162850300        0.008149251774215        -0.000006095026150        -0.000000001120372        0.000000000002095        
  143.871532905251740        -0.916283465837924        0.002719612026644        -0.000003883439552        0.000000002675184        -0.000000000000709        
  -2125.925066263838289        18.997533045118953        -0.064480904152770        0.000106234237021        -0.000000083803115        0.000000000025329        
  41.722117894883461        -0.051366641486730        -0.000069860488095        0.000000472584061        -0.000000000621081        0.000000000000257        
 171.754526904421567        -0.991058411485744        0.002787362029463        -0.000003945823511        0.000000002746342        -0.000000000000747        
  -555.198014601586806        10.477079618697317        -0.037763564878876        0.000062643558690        -0.000000049665924        0.000000000015182        
  288.616413125497161        -1.811215191482553        0.005136945426641        -0.000007195297301        0.000000004924735        -0.000000000001312        
  -4643.290039163491201        38.734934810610625        -0.122303938566621        0.000188124697366        -0.000000140071715        0.000000000040371        
  9.004203411705985        0.248267693775404        -0.001022198891318        0.000001864956947        -0.000000001576903        0.000000000000505        
 42.952481198425112        0.023500888648231        -0.000278691000758        0.000000537010290        -0.000000000429457        0.000000000000126        
  218.648760061770162        -2.778128633827438        0.012527499672852        -0.000022772919229        0.000000018984515        -0.000000000006007        
  5.023697351767844        0.156293246543284        -0.000418113378155        0.000000518527417        -0.000000000294285        0.000000000000060        
  -1006.509682268774100        9.875176831851448        -0.035000976170258        0.000058770106071        -0.000000046295933        0.000000000013793        
  53.421679849517517        -0.120820531994036        0.000058685352898        0.000000344132876        -0.000000000514082        0.000000000000205        
 79.766176403990343        -0.278810941289375        0.000645077454885        -0.000000784617681        0.000000000465126        -0.000000000000105        
  3112.109016419252384        -25.096095304234694        0.081240967418761        -0.000127812099473        0.000000098172253        -0.000000000029353        
  255.639083801755930        -1.655317133465159        0.004716500230189        -0.000006597502724        0.000000004522531        -0.000000000001211        
  -1080.829142649767164        11.103472805372817        -0.040432491192383        0.000069496015412        -0.000000055728653        0.000000000016820        
  212.220246941877747        -1.327983077827758        0.003603350662534        -0.000004720527866        0.000000003013837        -0.000000000000755
42.5409
-57.8528
50.9865
-9.57365
-10.624
1.71251
3.27749
-1.04255
50.0886
-81.9011
76.3431
-13.9918
-15.8271
2.30112
4.73239
-1.4531
49.2964
-50.42
42.0406
-5.24717
-8.25682
0.464062
2.13015
-0.524678
50.7015
-49.1651
41.7192
-4.84948
-9.35804
0.516461
2.70249
-0.711686
42.2455
-58.8529
51.254
-9.10106
-10.5629
1.57451
3.2007
-0.999339
42.3917
-53.4398
40.2636
-3.76134
-8.2528
0.458943
2.30256
-0.626918
14.8025
1.9153
-0.56755
-0.408631
-0.0651835
0.0501826
0.0316667
-0.0133987
15.1693
1.9663
-0.579554
-0.417491
-0.0658443
0.052033
0.0326466
-0.0138775
41.0395
-52.4128
41.3747
-5.59929
-8.29475
0.876616
2.38513
-0.700571
44.7509
-62.4003
51.1649
-6.74707
-10.4195
0.967367
2.96626
-0.847539
45.3919
-61.4887
55.6684
-9.87353
-11.7981
1.63347
3.60616
-1.11316
44.2126
-50.3765
41.0952
-5.7321
-9.05232
1.06589
2.87447
-0.897202
44.4714
-42.9049
31.4329
-2.81562
-5.99283
0.262888
1.55061
-0.395377
52.3016
-68.2296
62.7303
-10.9582
-12.7057
1.75027
3.70559
-1.13089
