26.2564	34.7359	24.683	32.9905	-24.4118	-15.6987	-13.7253	-29.5895	131.839	97.3917
0.441269	-1.45301	0.470268	-0.580968	4.20154	3.34818	-1.53789	10.9088	-6.64199	2.99764
-29.7632	660.653	124.501	464.263	-0.0480933	-0.155291	-0.296133	0.248994	-22.8623	26.7715
94.5137	-79.1375	-9.04329	30.5379	-0.0800641	-0.102923	0.0648705	-0.326966	4.91185	-5.95695
7.71903	11.3239	8.60129	11.7414	0.000311929	0.000736214	0.00269427	-0.00154954	126.5	126.5
2.10915	1.05352	1.66063	0.320415	0.000511191	0.000775517	-0.000928492	0.00202508	20	20
29.7455	30.6992	26.2736	26.8867	-34.5523	-15.9442	-12.356	-7.20087	132.055	132.154
-0.826489	0.71858	-0.591497	0.748481	8.81812	1.75807	-2.62192	-6.19132	-5.2283	-6.60261
4.09596	442.087	182.954	150.349	0.221281	-0.196246	-0.366191	-0.568426	2.20945	0.000146616
91.8187	4.20897	-51.059	51.4182	-0.203846	-0.0524198	0.115155	0.257971	-1.57951	1.53542
8.38108	3.62722	7.65701	8.70942	-0.00115322	0.00118102	0.0033624	0.00476513	128.429	128.429
1.5016	3.35155	2.29757	1.51013	0.00119883	0.000398854	-0.00137599	-0.00236084	11.4286	11.4286
29.5399	19.1518	24.8681	26.0729	-29.4962	-14.4453	-2.52638	-10.0076	137.945	113.746
-0.878321	3.71404	1.15526	0.357197	6.57417	1.65733	-9.6591	-3.66545	-7.90553	-1.24667
43.1909	-197.134	111.322	136.456	0.0830637	-0.269699	-0.743505	-0.468027	-12.8716	32.0728
64.9772	177.828	22.2304	24.1839	-0.142094	-0.0423913	0.380195	0.163446	3.94534	-9.35241
11.1844	9.63173	9.46319	6.70568	-0.000271087	0.00187485	0.0067055	0.00421363	119.857	119.857
0.825411	1.35402	1.6834	0.820883	0.000801481	0.000274252	-0.00369404	-0.00175242	22.8571	22.8571
28.5857	23.9897	29.3639	25.8339	-29.5177	-18.5972	-34.5804	-9.03582	124.743	118.596
0.4061	1.52101	1.307	1.018	6.23458	1.41622	15.3815	-5.14009	-3.54503	-2.44983
98.6296	23.9288	282.797	149.648	0.183415	-0.144491	0.417723	-0.515592	-22.8263	22.2973
95.5022	71.4476	89.5863	38.7987	-0.160458	-0.0369631	-0.489802	0.221044	5.62231	-5.40976
13.7297	8.89464	11.7162	6.56928	-0.00121912	0.000874762	-0.00337546	0.00482855	130.429	130.429
0.415071	1.69512	0.376266	0.527773	0.0010282	0.000326006	0.00370894	-0.00237549	11.4286	11.4286
31.9803	22.6619	36.8099	27.997	-19.8091	-17.1008	1.87747	-8.55955	136.455	125.129
0.341766	2.4697	-0.785452	0.0685368	4.37431	0.577868	-7.70598	-5.27785	-7.59559	-3.96273
257.124	-54.5174	655.368	268.87	-0.046672	-0.173353	-0.919924	-0.504058	-18.6847	21.6178
103.504	112.22	46.4935	-45.3343	-0.124147	-0.021315	0.376373	0.201472	4.52149	-5.86908
14.2357	11.2561	12.0443	5.26386	-7.21454e-05	0.00108238	0.00776553	0.00404296	123.5	123.5
0.43387	0.687839	0.500522	3.08026	0.000931229	0.000189545	-0.00354661	-0.00175892	20	20
29.2846	20.9859	25.8401	30.3568	-38.1865	2.21904	-12.3968	-21.122	126.556	111.201
-0.257616	3.86504	0.899645	1.60206	10.6462	-3.38706	-2.37408	5.19264	-4.02284	-0.178015
51.1709	-56.5229	141.723	359.39	0.363126	-0.636698	-0.367352	-0.0761427	-22.2328	25.1267
84.3207	230.635	27.6687	197.047	-0.267793	0.0953525	0.114661	-0.0826774	5.23298	-6.55928
10.2963	13.6587	9.62103	11.1523	-0.00212252	0.0038789	0.00352523	0.0018747	124.857	124.857
1.69991	0.270987	1.7379	0.451219	0.00162732	-0.000559086	-0.00148841	-0.000390706	22.8571	22.8571
-28.1486
425.124
-935.693
1065.39
-608.526
137.658
-15.2084
345.466
-697.657
751.738
-419.288
95.2206
17.149
294.605
-640.59
707.758
-386.73
83.2529
35.9318
204.58
-404.489
413.24
-209.58
41.7819
47.6825
274.777
-754.725
1117.8
-846.816
255.607
44.7484
344.543
-872.2
1113.89
-694.736
168.061
-205.978
828.617
-1199.65
875.482
-317.846
45.6938
-240.595
961.068
-1370.34
977.625
-345.743
48.3834
-136.104
479.276
-593.135
374.73
-118.35
14.7923
-196.773
700.974
-894.54
577.46
-185.69
23.6201
81.8115
139.81
-445.13
804.212
-821.194
364.924
79.5053
317.287
-1582.8
3987.05
-4880.55
2305.63
-137.48
633.288
-954.383
721.057
-269.14
39.4822
-145.605
697.662
-1088.74
853.855
-330.883
50.3421
-29.9426
370.963
-714.697
707.343
-348.995
67.7647
-27.4173
372.536
-693.341
652.792
-302.559
54.7761
-47.1617
132.967
-104.776
41.7673
-7.68238
0.404311
-54.5895
149.685
-111.59
41.2556
-6.93943
0.301087
-79.1386
275.678
-341.972
218.907
-69.552
8.66381
-97.5794
352.616
-468.487
322.829
-111.159
15.0975
22.5823
-182.064
365.317
-294.653
108.779
-15.2712
-7.59521
2.91795
31.6773
-28.3085
10.5943
-1.57966
60.1082494654661019
-3.6114330903491698
-0.7647338262827819
-0.0000000000409672
65.7251730668725145
-4.7245471481484618
-0.6253725889503459
-0.0000000000079936
79.5731232281265903
-4.0995113913543380
-0.0000000407600620
-0.0458535369649571
86.0693439060117811
-4.5989591804365677
-0.0000002692776557
-0.0048732077439495
97.0216499791584681
-2.4054906022389910
-0.2531419870767104
-0.0000000010011991
107.9120273499577110
-3.8740281168715418
-0.0000000195891636
-0.0148718994218422
35.2505569420075489
-5.8792507823765554
-0.0000002041067315
-3.0931998023256413
39.3474175174280489
-5.5524601780105876
-0.0000000003240186
-3.5624562182751673
29.9450987980149570
-0.0000014943133397
-8.2258471649475080
-0.5764929377245487
33.5930010215989370
-0.0000005575692685
-5.6118260050229125
-3.0532106452951235
101.4380770174021364
-0.0000021022848462
-0.0322303280445024
-0.0370554175107007
110.2969515698538885
-1.2854505359594093
-0.0000000895173380
-0.0000000000099365
37.9235284210978847
-0.0000000000000555
-4.5367058082930729
-0.5088848494202436
42.3044310818797200
-0.0000000103665410
-5.1688307226414043
-0.3148835408945949
56.9697531141816427
-3.8233815531925064
-0.9419532394864261
-0.0000000002592926
62.7264299276059774
-5.0324991284533276
-0.7525300848832961
-0.0000000004909406
31.9033985423503381
-14.1592789270206243
-2.1632676947502816
-0.0000000022121749
35.2219575952630848
-12.4966441968666899
-4.4660123295449665
-0.0000000000020539
27.4211106139268352
-14.8139042298096051
-0.0000007164515647
-0.0697744277156076
28.5916459934235760
-14.8116263524734606
-0.0000000285279578
-0.4153490420708006
18.7813271133096649
-6.0417672109532301
-4.1885208565493599
-3.9298680967491117
27.6699485569492865
-20.2754293801674663
-0.0000020320248262
-0.0000001078993561
