-89.8101  936.328  -2958.85  4505.21  -3265.06  900.789
-54.518  259.825  -824.537  1206.46  -843.917  229.561
-77.5293  720.32  -2445.44  3970.94  -3025.44  864.813
-20.6596  173.303  -521.644  771.623  -542.811  143.41
39.2593  -243.992  743.917  -1069.01  721.277  -181.564
-56.2004  735.555  -2526.6  4096.31  -3120.53  899.753
-16.3082  -147.658  680.633  -1300.7  1088.55  -331.722
-72.1619  720.988  -2557.65  4179.73  -3164.51  898.85
-87.7035  795.976  -2656.35  4153.01  -3045.67  844.826
-7.22584  142.173  -480.795  784.281  -616.974  187.308
-365.691  3592.21  -12407.2  20095.8  -15302.4  4409.76
572.759  -5239.82  17314.1  -26991.5  19910.5  -5591.16
163.988  -1080.74  2684.67  -3128.09  1728.97  -366.295
-258.498  2193.06  -6866.83  10089.6  -7000.79  1850
-28.4518  307.377  -967.434  1467.59  -1077.45  307.177
-240.379  2150.72  -6706.66  9989.21  -7100.86  1933.48
161.668  -1494.86  4559.2  -6645.04  4633.6  -1240.93
-192.701  1575.57  -4865.65  7185.49  -5072.9  1373.06
-199.188  1627.58  -4942.31  7187.49  -5001.65  1334.61
85.0462  -568.778  1642.39  -2282.56  1522.14  -388.173
87.8563  -453.22  1201.96  -1513.64  947.455  -241.603
-142.042  882.939  -2473.31  3249.18  -2048.4  502.465
-13.0867  133.39  -443.171  715.186  -523.562  137.167
-4.53557  98.7195  -389.201  715.887  -569.997  158.824
88.7208  -643.199  1970.67  -2872.05  1991.25  -525.485
40.0816  -103.114  241.649  -241.472  91.6494  -1.82822
18.6331  -353.271  1078.9  -1564.24  1066.1  -274.247
44.861  -314.607  1001.6  -1549.13  1160.95  -335.914
-69.3855  584.694  -1786.07  2602.6  -1802.17  474.522
11.8033  -11.7916  -8.6429  101.854  -155.964  72.6146
-18.7643016768683069
283.3984550100370825
-623.7180630884706716
710.1047913114782659
-405.5399292478115285
91.7219261486890076
-10.1385190108326135
230.3054783149821674
-465.0817995703606584
501.1128284350485842
-279.4828281125601279
63.4656270440256520
11.4326666626713713
196.4033333856556567
-427.0600002313021832
471.8386671308814471
-257.8200004313850968
55.5019334838994212
26.6993614519024298
103.0820165454830715
-125.1238864720630914
-10.1908007915364465
121.8659463076316882
-62.1457209986441157
31.7883291319210031
183.1847200000820806
-503.1502410877385500
745.2004937185707831
-564.5444657458218671
170.4048309610534773
29.8323258554552204
229.6950340622806266
-581.4660209371240853
742.5927792285330042
-463.1569411750085692
112.0404401718312357
-42.5319948558647667
81.0713532169572488
50.8711189985586643
-50.6296473860737279
-87.9765237787028980
66.8177721408353875
-50.5570095430244777
96.8200295013391354
60.4233878627281982
-61.0096272302187828
-105.4610861231034846
80.1396414483616724
-37.7911897843879245
63.3845238806764186
43.2640169371285310
-35.3921770451338915
-67.3111075026730106
48.0324464734020324
-53.0140769215148424
87.6468943775614378
59.0443459777619921
-50.7537733670535687
-94.4710253479384079
68.3167949710744580
56.5755920640428300
60.2349492304539993
-95.3252454655442989
-46.8342284841419954
256.8116306774799114
-182.3707386939208561
62.2952871561249708
60.9311106441651873
-135.1123966794632736
-5.1519729978713489
420.7607132921230004
-407.7365867860991671
-73.5933851124979839
281.3285687577923113
-207.5232455585596085
-156.3721812114660850
283.3485155123425443
-105.3365654786680494
-76.1857079016945420
302.2132970456999601
-230.0368633905626723
-167.4856761617753307
314.5672318395181151
-118.6874716107782461
-19.9617161180135732
247.3085499932218170
-476.4644345068489883
471.5618195394123404
-232.6632510235968425
45.1764289533811407
-18.2782003285864967
248.3573354147884800
-462.2273431563432382
435.1946861715314867
-201.7060179662976509
36.5174063595271718
-18.3799291675334331
28.6364631002214836
22.1505334578546353
-11.7761052143412535
-27.9071600372225355
17.6354373999552188
-21.8864776792343179
33.4591742024785788
26.1669912011761454
-13.4287498099739295
-32.4967894483658313
20.2829375869669271
-22.3092531486654124
36.3037808159193034
25.2036589754692102
-19.7724221526780504
-38.3029222214105118
27.2948762888798377
-25.5641286960938388
41.3875580372176017
28.4116130796914135
-23.1689635721072271
-44.0526444342247530
31.8980332261256336
-44.9757224976537699
84.2381840922946594
-33.7933078105755555
-12.2264481048489060
12.2373832371624349
-2.4002572921330065
-5.0915936783130675
8.7836506056711627
2.8084595918113648
-0.7648061869267641
-0.7572071439271183
0.1919715434180246
