60.2165
-189.72
446.99
-523.122
320.721
-97.8518
11.5258
-1457.16
13814.2
-43182.7
66646
-54355.1
22423.5
-3683.76
17.1086
54.2974
-103.464
111.325
-70.7673
27.2551
-5.02858
-2547.86
22143.1
-66326.6
101105
-82187.8
33959.7
-5607.59
65.7242
-246.922
759.745
-1198.32
1007.05
-428.06
72.2644
3384.16
-19353.1
54083.5
-79843.4
63870.2
-26079.2
4250.29
85.2489
-441.821
1327.52
-1978.53
1567.84
-633.53
102.928
411.998
-533.572
599.925
2099.52
-5061.48
3701.58
-891.843
110.022
-558.044
1512.96
-2098.53
1579.55
-613.478
96.3279
3937.29
-23745.1
59651
-76988.6
54276
-19900.2
2974.95
35.8488
-46.9595
107.492
-93.9141
10.5845
26.191
-9.8946
-326.838
4634.99
-11155.2
11811.4
-5405.8
554.03
175.526
38.9338
-62.8663
118.218
-56.6953
-40.5083
46.1782
-11.5822
1864.83
-11735.6
34175.4
-48928.5
37315.8
-14496.1
2254.05
23.6892
9.69854
94.4521
-270.119
288.132
-140.031
25.9272
-261.086
4863.13
-11760.4
13791.1
-8983.19
3136.52
-457.183
-11.0252
348.901
-1172.63
1980.73
-1759.08
786.043
-139.299
-2231.41
23477.1
-78229.3
129238
-111761
48561.4
-8370.65
104.415
-548.464
1506.7
-2064.1
1507.55
-561.677
83.9247
1402.87
-9008.78
25660
-37543.3
29860.8
-12238.4
2019.03
20.4577
66.1373
-205.218
372.864
-366.625
177.596
-33.1168
2059.77
-14468.3
46492.9
-72168.2
58275.9
-23615.8
3800.6
-18.9897
392.519
-1234.31
1950.24
-1623.01
681.26
-113.806
-3478.5
32840.9
-104381
167656
-143070
61909.3
-10690.1
110.007
121.302
97.838
-1679.71
4022.73
-3973.09
1422.42
69.7305
359.843
-876.383
649.612
600.059
-1155.43
472.866
13.9334
-236.587
810.783
-1614.65
1851.97
-1125.48
280.069
10.1644
51.7943
-527.843
2071.12
-3480.34
2663.52
-768.498
161.555
-263.801
770.924
-902.814
503.641
-319.619
171.147
154.66
-619.711
3444.65
-8994.29
12253.9
-8439.82
2321.14
117.461
-1429.96
6117.79
-13492.3
16142.2
-9965.4
2490.47
7.77411
-17.3501
279.462
-876.326
1398.82
-1137.49
365.383
-31.146
1942.49
-9193.97
21731
-26961.3
16701.7
-4067.85
154.66
-654.42
3774.08
-9920.36
13333.7
-8953.68
2386.32
63.2709
-867.859
4000.97
-9557.57
12215.1
-7926.91
2052.9
-28.1127
484.636
-2665.71
7484.94
-10740.7
7561.79
-2076.7
172.853
-656.312
3768.76
-10243
14600.3
-10616.3
3095.27
270.076
-1938.46
9276.01
-21861.1
27363.7
-17479.9
4490.05
32.2327
-432.593
1666.57
-3491.43
4031.58
-2406.3
579.944
-44.9153
638.112
-2971.77
7223.13
-9328.99
6080.46
-1576.13
45.7403
875.133
-3646.85
7848.52
-8905.36
4914.78
-1010.91
138
-449.485
2806.13
-7725.44
10777.3
-7482.95
2056.8
72.7551
-944.002
4200.92
-9776.76
12316.6
-7955.78
2066.5
-9.59531
180.519
-795.797
2124.85
-2978.29
2040.14
-541.811
77.51
494.571
-1625.99
2397.48
-1177.99
-574.604
530.446
117.869
-56.8761
330.252
-715.276
807.257
-497.124
133.989
7.66164
-208.001
996.883
-2772.33
4100.81
-3008.9
864.126
-25.3497
346.501
-1458.46
3513.62
-4625.7
3088.01
-818.696
-28.1486
425.124
-935.693
1065.39
-608.526
137.658
-15.2084
345.466
-697.657
751.738
-419.288
95.2206
17.149
294.605
-640.59
707.758
-386.73
83.2529
35.9318
204.58
-404.489
413.24
-209.58
41.7819
47.6825
274.777
-754.725
1117.8
-846.816
255.607
44.7484
344.543
-872.2
1113.89
-694.736
168.061
-205.978
828.617
-1199.65
875.482
-317.846
45.6938
-240.595
961.068
-1370.34
977.625
-345.743
48.3834
-136.104
479.276
-593.135
374.73
-118.35
14.7923
-196.773
700.974
-894.54
577.46
-185.69
23.6201
81.8115
139.81
-445.13
804.212
-821.194
364.924
79.5053
317.287
-1582.8
3987.05
-4880.55
2305.63
-137.48
633.288
-954.383
721.057
-269.14
39.4822
-145.605
697.662
-1088.74
853.855
-330.883
50.3421
-29.9426
370.963
-714.697
707.343
-348.995
67.7647
-27.4173
372.536
-693.341
652.792
-302.559
54.7761
-47.1617
132.967
-104.776
41.7673
-7.68238
0.404311
-54.5895
149.685
-111.59
41.2556
-6.93943
0.301087
-79.1386
275.678
-341.972
218.907
-69.552
8.66381
-97.5794
352.616
-468.487
322.829
-111.159
15.0975
22.5823
-182.064
365.317
-294.653
108.779
-15.2712
-7.59521
2.91795
31.6773
-28.3085
10.5943
-1.57966
