22.5766  39.5556  -183.657  399.512  -376.344  123.579
-23.6493  -57.429  373.122  -928.061  973.105  -361.767
9.49287  -103.199  524.209  -989.095  812.627  -250.717
11.4563  -96.9686  325.064  -443.698  245.592  -40.6378
17.598  28.0111  -395.352  1037  -1057.69  384.615
18.4587  81.6281  -336.531  654.326  -573.079  180.43
-19.6718  -73.6404  333.414  -696.524  658.379  -226.549
-2.06932  19.4375  23.8652  -97.2173  86.0376  -27.9061
0.049853  0.300575  53.6358  -102.877  59.3104  -8.99266
25.5934  -56.2587  -66.5851  446.049  -567.076  230.788
12.3745  162.198  -712.744  1387.1  -1222.38  398.341
-12.3183  -167.067  714.609  -1366.69  1167.34  -362.468
-9.73288  128.701  -498.845  912.678  -785.049  253.361
-13.6796  171.545  -647.061  1170.74  -973.835  296.079
28.8695  -86.7528  4.30548  403.802  -591.703  253.88
15.2885  119.141  -505.391  994.725  -902.99  304.123
-12.9802  -138.562  554.175  -1038.67  891.218  -279.724
-4.15888  38.5631  -24.8768  -71.64  98.5849  -35.1769
-11.1097  117.32  -298.923  410.903  -292.586  77.7574
47.4254  -254.247  597.696  -603.729  227.275  -0.00153134
13.1077  157.106  -705.317  1393.79  -1229.5  395.684
-17.8871  -69.2882  219.4  -313.051  172.114  -15.8653
-7.40298  96.492  -346.436  610.982  -505.341  153.672
-4.18967  30.334  84.7391  -388.767  485.883  -204.074
39.5253  -169.174  330.682  -210.333  -53.0142  76.9178
24.6531  -14.7061  102.858  -263.567  312.512  -138.823
-23.4092  -28.2316  136.224  -294.559  267.743  -83.8173
7.75328  -122.511  718.455  -1538.14  1431.12  -492.956
4.56461  -56.208  291.708  -551.947  456.822  -142.96
30.7604  -54.582  -166.44  697.543  -798.587  305.61
-9.3828722034717345
141.7080823417509521
-311.8980479862261177
355.1308000892512382
-202.8427251474298032
45.8862640725710520
-2.5700165183711867
84.8277865066688008
-100.9359533933343442
-9.5710900245735289
98.4447559435792670
-50.2169928856342693
8.0266542564434928
70.1688653313705260
-91.8720344275960485
-4.5481694691671599
91.2752540947474813
-48.0057165965814718
13.3496854879614784
51.5407916041570076
-62.5615112573492098
-5.0955081078528863
60.9324793074909508
-31.0724907032541857
15.8941796235160293
91.5921337445313952
-251.5741170555626240
372.5983062934708414
-282.2703637875866889
85.2017910970558319
14.9161349082940902
114.8476549537026585
-290.7333231499068802
371.2966718080317605
-231.5786764693714588
56.0203339504033764
-21.2659974286471574
40.5356766187369715
25.4355594655563628
-25.3148236474928936
-43.9882619167388498
33.4088860764397637
-25.2785047413932560
48.4100146972252858
30.2116938918706488
-30.5048135249878705
-52.7305430607743162
40.0698206966047437
-18.8955940092023731
31.6922601791806002
21.6320076936356678
-17.6960869134926817
-33.6555514610413553
24.0162209729932172
-26.5070373815923688
43.8234450503919746
29.5221720726986092
-25.3768847692047856
-47.2355099924077422
34.1583948475855408
28.2877314138176530
30.1181237756963647
-47.6661139031520520
-23.4065974153677345
128.3915166047460445
-91.1789974395764347
31.1474197475064898
30.4684634663234455
-67.5729646821308592
-2.5280074440164979
210.3176411858447352
-203.8394756297434185
-36.7940858388070566
140.6533206190077294
-103.7504965549588007
-78.1776656364575047
141.6546351405077644
-52.6598397223711245
-38.0891349604567182
151.0909446515963737
-115.0023050503134243
-83.7311802759667927
157.2558421320123614
-59.3317420581172357
-7.6036847335421882
94.8107116434079131
-113.0575052965106835
-11.6343864052497530
110.2126685382648219
-55.3555211292203282
-6.9209488997475521
97.2646351315887614
-114.3136983016090227
-13.2631777354170346
110.5318392502991003
-54.4689672294105023
-9.1899647511609803
14.3182318793276906
11.0752668893604600
-5.8880529229633014
-13.9535804528935294
8.8177191310873155
-10.9432391542185812
16.7295877230679757
13.0834958862759212
-6.7143754926023638
-16.2483955064104428
10.1414695760419242
-11.1546264174806620
18.1518900961426475
12.6018293525323362
-9.8862107927064642
-19.1514607170142881
13.6474377544720546
-12.7820652167156190
20.6937807307048658
14.2058073430402416
-11.5844834193253021
-22.0263243796979999
15.9490187779469537
-6.9895173036440825
8.5807855291472990
1.9981764394421513
-1.4231497208751311
-0.9090179368069837
0.3905104533294141
-2.5457968379453439
4.3918253020852669
1.4042297949860691
-0.3824030933716810
-0.3786035712661064
0.0959857714609967
