32.1461  -77.897  253.979  -64.5053  -684.158  660.951
-19.0021  -79.1907  249.948  -101.336  -704.404  806.646
6.25291  -65.8501  228.494  -78.2483  -618.072  635.148
1.80178  -14.0815  62.8643  -37.0999  -107.663  96.8664
58.3225  -120.522  47.9639  151.173  80.9285  -293.325
32.4867  -89.6264  329.739  -132.132  -895.396  930.984
-32.7355  92.496  -332.417  127.038  1021.04  -1149.88
7.01573  -77.4628  280.68  -138.451  -653.948  694.004
-32.2101  564.251  -3554.15  10454.8  -14458.6  7583.16
20.4402  499.683  -3695.65  10698.2  -13928.3  6777.86
34.1922  -104.693  323.845  -36.3815  -917.756  835.021
-48.986  280.492  -939.298  305.719  2516.46  -2541.74
8.44565  -92.915  323.272  -120.483  -880.598  923.783
16.1331  -181.524  596.836  -162.863  -1647.25  1634
54.133  -71.5953  -112.505  256.879  337.558  -595.398
29.0867  -68.6193  268.27  -112.55  -680.417  708.665
-37.756  155.834  -496.038  126.629  1326.85  -1319.87
2.3968  -14.8939  37.8856  6.9923  -53.7897  6.20453
4.81549  -46.7873  158.293  -54.6054  -403.172  416.025
10.5786  660.492  -4661  13400.1  -17493  8567.43
31.6584  -78.3557  250.385  -31.439  -653.135  538.121
-21.4887  -24.7078  13.662  79.5529  -66.3682  -18.3366
1.19781  -0.690297  -12.893  61.3731  -24.8597  -57.8745
0.117234  7.28827  -17.5879  39.3562  -37.0794  2.85642
59.0415  -128.444  64.3371  212.033  -153.566  -101.561
26.2537  -38.2409  121.343  11.6755  -293.211  166.355
-34.7015  108.699  -347.206  82.1584  876.094  -808.2
0.142858  13.3608  -62.9087  61.0043  181.58  -262.182
1.52219  -2.54976  -13.9193  55.6247  35.4558  -125.853
58.9602  -129.851  81.5643  173.752  -140.795  -81.1696
42.5409
-57.8528
50.9865
-9.57365
-10.624
1.71251
3.27749
-1.04255
50.0886
-81.9011
76.3431
-13.9918
-15.8271
2.30112
4.73239
-1.4531
49.2964
-50.42
42.0406
-5.24717
-8.25682
0.464062
2.13015
-0.524678
50.7015
-49.1651
41.7192
-4.84948
-9.35804
0.516461
2.70249
-0.711686
42.2455
-58.8529
51.254
-9.10106
-10.5629
1.57451
3.2007
-0.999339
42.3917
-53.4398
40.2636
-3.76134
-8.2528
0.458943
2.30256
-0.626918
14.8025
1.9153
-0.56755
-0.408631
-0.0651835
0.0501826
0.0316667
-0.0133987
15.1693
1.9663
-0.579554
-0.417491
-0.0658443
0.052033
0.0326466
-0.0138775
41.0395
-52.4128
41.3747
-5.59929
-8.29475
0.876616
2.38513
-0.700571
44.7509
-62.4003
51.1649
-6.74707
-10.4195
0.967367
2.96626
-0.847539
45.3919
-61.4887
55.6684
-9.87353
-11.7981
1.63347
3.60616
-1.11316
44.2126
-50.3765
41.0952
-5.7321
-9.05232
1.06589
2.87447
-0.897202
44.4714
-42.9049
31.4329
-2.81562
-5.99283
0.262888
1.55061
-0.395377
52.3016
-68.2296
62.7303
-10.9582
-12.7057
1.75027
3.70559
-1.13089
15.1011806289162500
4.5860094052141971
0.0000000000026645
0.0000000000796585
15.1199661744036256
5.1525618330724443
0.0137165994667510
0.0000001876844791
25.7285561073869964
3.7819762342581886
0.0000000173070447
0.0000000017141288
27.9961671047016161
3.6163704504403316
0.0000000000136002
0.0000000000000000
14.3473950463430526
4.6345147204676636
0.0000000002515210
0.0000000004007905
14.7290061238678494
4.8413534320323475
0.0000000022741253
0.0000000013221091
0.0000000000000000
0.0000000000000000
0.0000000000000000
0.0000000000000000 
0.0000000000000000
0.0000000000000000
0.0000000000000000
0.0000000000000000
14.2458674992211272
4.6943812856848339
0.0000000001982303
0.0000000000007216
14.5780418744919711
5.0127155701946151
0.0000000021597724
0.0000000008561485
17.7557322493014240
4.3620295642715075
0.0000000001433853
0.0000000061638472
19.0781493700096938
4.3325483809737992
0.0000000006646905
0.0000000006276091
21.7733764977167468
4.0369801660617988
0.0000000000169864
0.0000000000010547
23.4808018634840643
3.8521777106781951
0.1192102751251256
0.0000001589773868
