11.5 -1.59598 1.25117 
16.5 -1.30106 1.13137 
21.5 -1.12987 1.0491 
26.5 -1.0239 1.00052 
31.5 -0.95984 0.943241 
36.5 -0.860078 0.907996 
41.5 -0.779615 0.86007 
46.5 -0.730784 0.83044 
51.5 -0.696179 0.831335 
56.5 -0.714201 0.772933 
61.5 -0.754171 0.782261 
66.5 -0.703237 0.752908 
71.5 -0.679637 0.757584 
76.5 -0.681558 0.777429 
81.5 -0.678552 0.770082 
86.5 -0.68589 0.771399 
91.5 -0.683381 0.803987 
96.5 -0.712803 0.847208 
101.5 -0.78435 0.878654 
106.5 -0.865798 0.93764 
111.5 -0.898356 0.962369 
116.5 -0.984576 1.01922 
121.5 -1.11148 1.12433 
126.5 -1.26152 1.31495 
131.5 -1.24416 1.32732 
136.5 -1.1045 1.19948 
