# 12C Runs #####
# Total live-time corrected charge:  20373407.78
# Column 1: run number
# Column 2: charge per run
# Column 3: live-time-corrected charge per run
# Column 4: triggers
17872 147581.0 137250.33 2111207
17901 586163.0 539269.96 8201774
17903 149123.0 137193.16 2091488
17905 492132.0 452761.44 7017319
17997 38608.0 36291.52 372736
17998 213849.0 198879.57 1968587
17999 162588.0 151206.84 1482396
18000 1004356.0 913963.96 13647291
18001 1056298.0 961231.18 14435376
18002 619296.0 563559.36 8435616
18003 1058732.0 963446.12 14547887
18004 26772.0 24362.52 337756
18005 78846.0 71749.86 1068767
18006 434228.0 395147.48 5948465
18007 302285.0 278102.2 4184324
18014 99636.0 91665.12 1352663
18015 136332.0 124062.12 1872881
18016 1061559.0 966018.69 14644760
18017 127719.0 116224.29 1739155
18018 1094043.0 995579.13 15158559
18019 1098203.0 999364.73 15151320
18020 563957.0 513200.87 7584241
18021 1022118.0 940348.56 14062073
18023 1068346.0 972194.86 14657653
18024 665492.0 605597.72 7902080
18025 331511.0 301675.01 4331064
18026 220965.0 201078.15 2913171
18028 328017.0 298495.47 4360575
18029 1199865.0 1091877.15 16203706
18030 510896.0 459806.4 6928489
18031 1156483.0 1052399.53 15862736
18032 1100681.0 1001619.71 15022797
18034 1075210.0 989193.2 15133849
18036 625676.0 594392.2 9899333
18039 1209848.0 1100961.68 16522693
18062 1052287.0 957581.17 16499383
18519 190931.0 175656.52 4609676
