 # 3He Runs ##### 
 #    Total live-time corrected charge:  11118578.02
 # Column 1: run number
 # Column 2: charge per run
 # Column 3: live-time-corrected charge per run
 # Column 4: triggers
18443 118418.0 113681.28 1126000
18449 633397.0 589059.21 9404013
18453 481877.0 438508.07 6972818
18454 61306.0 59466.82 348832
18458 559804.0 509421.64 8444335
18459 1047862.0 953554.42 15878742
18460 792143.0 720850.13 12094811
18461 997485.0 907711.35 15265412
18462 1045583.0 951480.53 16040469
18463 665394.0 612162.48 10359329
18464 717380.0 659989.6 11140382
18465 54694.0 49771.54 565125
18469 916292.0 833825.72 14112356
18470 859195.0 790459.4 13223629
18471 201668.0 183517.88 2870884
18472 826656.0 752256.96 12691632
18473 329602.0 309825.88 5657526
18474 61918.0 59441.28 1273374
18475 280158.0 263348.52 4981330
18476 116920.0 111074.0 2029177
18477 47389.0 45019.55 829507
18520 439696.0 413314.24 7302423
18521 859606.0 790837.52 12881184
