11.5 -2.65477 1.84733 
16.5 -1.96823 1.56957 
21.5 -1.53786 1.40429 
26.5 -1.28456 1.36786 
31.5 -1.12575 1.33923 
36.5 -1.17569 1.30211 
41.5 -1.09629 1.26475 
46.5 -1.08223 1.2545 
51.5 -1.09059 1.2178 
56.5 -1.06135 1.19162 
61.5 -1.04172 1.19916 
66.5 -1.01572 1.16176 
71.5 -0.974746 1.17261 
76.5 -0.991626 1.18698 
81.5 -1.01899 1.16365 
86.5 -1.05997 1.16664 
91.5 -0.997678 1.16651 
96.5 -0.964119 1.20638 
101.5 -1.0807 1.23632 
106.5 -1.0828 1.28225 
111.5 -1.11865 1.29948 
116.5 -1.25353 1.31753 
121.5 -1.49601 1.48708 
126.5 -1.40715 1.49154 
131.5 -1.76673 1.7323 
