 # 4He Runs ##### 
 #    Total live-time corrected charge:  7384787.28
 # Column 1: run number
 # Column 2: charge per run
 # Column 3: live-time-corrected charge per run
 # Column 4: triggers
17870 33963.0 30227.07 1945960
17871 69097.0 62878.27 2780210
17881 92336.0 84025.76 5738192
17884 6270.0 1003.2 530101
17885 133976.0 120578.4 8136963
17886 75557.0 68001.3 4692237
17907 18498.0 16648.2 1063416
17908 309139.0 278225.1 18323847
17909 144705.0 131681.55 8706315
17910 71589.0 64430.1 4297245
17912 277838.0 247275.82 16362786
17913 80762.0 72685.8 4793941
17914 155855.0 138710.95 9162077
17915 253161.0 225313.29 14739911
17916 199354.0 177425.06 11668812
17917 61604.0 56675.68 2686037
17919 326876.0 287650.88 19919915
17920 183817.0 163597.13 11282870
17921 270362.0 243325.8 16454322
17922 22083.0 20316.36 1387768
17928 430800.0 387720.0 16299322
17929 511607.0 455330.23 20223625
17930 57445.0 51126.05 2284034
17937 414770.0 373293.0 16834968
17939 234634.0 211170.6 9345883
17940 33236.0 29912.4 1346519
17948 131374.0 119550.34 5036818
17949 239766.0 218187.06 9327648
17950 700189.0 630170.1 29255529
17951 104642.0 94177.8 4383718
17952 10657.0 9058.45 417314
17953 393790.0 354411.0 16386088
17954 337437.0 303693.3 14031547
17955 76255.0 71679.7 3602704
17956 14288.0 13573.6 693862
17957 199415.0 187450.1 9246886
17960 33821.0 29762.48 1422231
17971 467987.0 416508.43 18867451
17972 20382.0 18343.8 556587
17978 398721.0 358848.9 16492768
17979 66628.0 59298.92 2716878
17980 11173.0 10614.35 518401
17981 38960.0 35064.0 1629060
17987 35836.0 32610.76 1503272
17988 47394.0 43602.48 2084242
17989 215776.0 196356.16 9267370
17990 112695.0 102552.45 4070147
17991 88939.0 80045.1 3738166
 
