11.5 -1.36719 0.937937 
16.5 -1.02722 0.816191 
21.5 -0.805486 0.726942 
26.5 -0.686847 0.699102 
31.5 -0.603035 0.659714 
36.5 -0.555499 0.63429 
41.5 -0.504758 0.626085 
46.5 -0.488955 0.613632 
51.5 -0.503436 0.622379 
56.5 -0.575936 0.675151 
61.5 -0.559432 0.669257 
66.5 -0.556209 0.674096 
71.5 -0.566491 0.691632 
76.5 -0.601201 0.728499 
81.5 -0.616435 0.726113 
86.5 -0.635161 0.734564 
91.5 -0.633265 0.767838 
96.5 -0.675237 0.811167 
101.5 -0.767037 0.839933 
106.5 -0.845675 0.924625 
111.5 -0.885689 0.948595 
116.5 -1.03202 1.04687 
121.5 -1.17447 1.1517 
126.5 -1.31039 1.32728 
131.5 -1.19282 1.38423 
136.5 -1.33475 1.77656 
